 b   bs
 m   plbj
 d r vdqd
 trz hhgc
 pwjbjfjs
nszvmnzfm
wzhdhgqsw
blqwsljwz

3 5 2
5 3 1
4 4 9
6 1 4
6 8 7
5 2 7
1 5 4
11 9 7
1 1 9
6 4 6
12 6 7
1 9 2
2 4 6
1 8 9
1 9 4
1 6 1
2 7 5
2 6 7
2 1 6
2 4 7
1 5 4
1 5 6
1 6 1
1 1 3
1 4 1
1 1 4
1 4 5
1 3 9
1 5 1
4 2 1
20 7 8
24 7 3
3 6 4
1 1 9
1 9 3
2 1 2
2 4 1
2 2 1
14 3 6
6 1 6
10 3 2
1 2 3
6 6 5
2 3 4
13 8 4
1 9 7
1 6 3
10 4 2
1 3 6
2 8 7
1 7 2
11 6 8
2 6 1
2 1 3
1 8 6
1 3 9
3 8 2
1 3 6
2 6 4
1 6 5
11 2 9
2 4 6
1 6 1
1 1 5
11 2 7
12 7 5
1 6 2
10 8 7
6 5 3
454
1197
749
496
1273
189
151
112
169
341
197
872
361
823
174
272
152
851
396
162
